conv_acell: 8.8835274313 (Bohr)  conv_ecut: 2  (Ha)
ecut_vec:
1 2 3
acell_vec:
8.4007694042 8.8835274313 8.9260149086
1 2 3 4 5 6 7 8 9 10 11 12 13 14 15 16 17 18
acell_vec:
8.4007694042 8.8835274313 8.9260149086 9.0160407322 8.9174312886 8.9022607446 8.9079737974 8.9074139772 8.9099395245 8.9052549609 8.9053950765 8.902055068 8.9080316256 8.9027026692 8.9041381185 8.9048897223 8.9040885586 8.9040099438
conv_acell: 8.9074139772 (Bohr)  conv_ecut: 8  (Ha)
ecut_vec:
1 2 3 4 5 6 7 8 9 10 11 12 13 14 15 16 17 18
acell_vec:
8.4007694042 8.8835274313 8.9260149086 9.0160407322 8.9174312886 8.9022607446 8.9079737974 8.9074139772 8.9099395245 8.9052549609 8.9053950765 8.902055068 8.9080316256 8.9027026692 8.9041381185 8.9048897223 8.9040885586 8.9040099438
