delta_conv_etotal_ngkpt="0.0003"
delta_conv_etotal_tsmear="0.0003"
delta_tsmear="0.005"
pts_after_conv="5"
conv_tsmear: 0.0079012345679013    conv_etotal: -14.4204376239999998
tsmear_vec:
 0.06 0.06 0.06 0.0400000000000000 0.0400000000000000 0.0266666666666667 0.0266666666666667 0.0266666666666667 0.0177777777777778 0.0177777777777778 0.0177777777777778 0.0177777777777778 0.0177777777777778 0.0118518518518519 0.0118518518518519 0.0118518518518519 0.0118518518518519 0.0118518518518519 0.0079012345679013 0.0079012345679013 0.0079012345679013 0.0079012345679013 0.0079012345679013 0.0052674897119342 0.0052674897119342 0.0035116598079561 0.0035116598079561 0.0023411065386374 0.0023411065386374 0.0015607376924249 0.0015607376924249 0.0010404917949499 0.0010404917949499
ngkpt_vec:
 4 5 6 4 5 4 5 6 4 5 6 7 8 4 5 6 7 8 4 5 6 7 8 4 5 4 5 4 5 4 5 4 5
etotal_vec:
 -14.4416064839999994 -14.4421657339999996 -14.4422627580000000 -14.4288333239999993 -14.4290559490000003 -14.4241505669999999 -14.4237051930000000 -14.4234956539999999 -14.4226927309999997 -14.4220020760000001 -14.4216877229999998 -14.4211280399999993 -14.4211775020000008 -14.4220888150000004 -14.4215545600000006 -14.4211889059999994 -14.4204937680000000 -14.4205932010000009 -14.4217539089999995 -14.4214463120000005 -14.4210136670000004 -14.4203077969999995 -14.4204376239999998 -14.4215838160000001 -14.4214269640000001 -14.4215210509999991 -14.4214257529999994 -14.4215092390000006 -14.4214257460000006 -14.4215086649999993 -14.4214257460000006 -14.4215086629999991 -14.4214257460000006
